39 0.106344 0.932656 0.062271 0.134688
57 0.825125 0.623328 0.348333 0.462531
57 0.149771 0.638133 0.298167 0.406922
0 0.48524 0.499461 0.417563 0.978391
0 0.217229 0.683711 0.428458 0.543828
0 0.727677 0.61193 0.223229 0.401797
41 0.268917 0.96507 0.105667 0.069859
41 0.045312 0.966008 0.090292 0.067984
65 0.289917 0.519969 0.091917 0.034625
26 0.784573 0.791211 0.136063 0.114797
0 0.047031 0.741297 0.094062 0.317781
0 0.91199 0.707867 0.176021 0.359547
58 0.303687 0.268297 0.228833 0.314375
58 0.331958 0.603742 0.103708 0.112922
