0 0.613805 0.7741 0.015016 0.031145
0 0.535719 0.755491 0.01075 0.030561
0 0.525578 0.753984 0.009844 0.032593
0 0.639203 0.776121 0.022969 0.03028
33 0.692844 0.46715 0.028687 0.035047
33 0.446031 0.596834 0.015156 0.014883
33 0.689094 0.207897 0.016219 0.029206
33 0.475727 0.499147 0.035078 0.025023
0 0.879875 0.763516 0.011094 0.043248
0 0.845305 0.755491 0.007953 0.034393
2 0.442828 0.734521 0.015156 0.012453
2 0.494555 0.745853 0.016391 0.011051
2 0.467687 0.744346 0.013437 0.009673
2 0.415742 0.759311 0.030391 0.016846
33 0.130477 0.81125 0.065109 0.031285
33 0.630531 0.660187 0.058844 0.037196
0 0.434891 0.778084 0.012531 0.029953
0 0.85457 0.76118 0.006953 0.038061
0 0.919844 0.762196 0.007062 0.023084
0 0.394578 0.765829 0.008313 0.053808
0 0.37107 0.765047 0.012234 0.056729
0 0.349812 0.764147 0.011938 0.063575
