32 0.94293 0.696721 0.021578 0.017424
0 0.484273 0.759555 0.176922 0.377518
0 0.269125 0.83596 0.202406 0.260679
0 0.11932 0.797857 0.158859 0.334403
0 0.141641 0.501288 0.045062 0.104871
0 0.40918 0.492845 0.045578 0.117119
0 0.32525 0.523993 0.046938 0.064473
0 0.257008 0.502787 0.048672 0.098314
0 0.026266 0.60918 0.052312 0.182436
0 0.86825 0.520492 0.033969 0.04918
34 0.389859 0.713326 0.082406 0.017799
35 0.35707 0.796745 0.031672 0.071616
0 0.065344 0.624848 0.06675 0.139204
0 0.287078 0.530316 0.029531 0.058337
0 0.049359 0.509801 0.040063 0.106862
0 0.813289 0.510515 0.025609 0.069602
