0 0.451896 0.597008 0.588333 0.805984
65 0.743948 0.588086 0.092688 0.029047
73 0.551552 0.683148 0.021104 0.109703
73 0.154083 0.278789 0.015042 0.024547
73 0.076021 0.27925 0.019292 0.045125
73 0.064958 0.279477 0.0175 0.045797
73 0.107365 0.280766 0.059187 0.047188
73 0.125104 0.190445 0.196375 0.071797
73 0.18649 0.121867 0.028771 0.045047
57 0.09499 0.879836 0.183063 0.209859
58 0.925958 0.498328 0.121708 0.132469
58 0.845135 0.422563 0.130229 0.154219
58 0.944417 0.358805 0.111167 0.162297
