56 0.409675 0.645094 0.376851 0.098875
56 0.112825 0.950797 0.17262 0.096781
0 0.19274 0.404625 0.364663 0.711062
41 0.230937 0.763773 0.124038 0.095516
41 0.860721 0.264437 0.052115 0.029313
43 0.666815 0.635563 0.113486 0.136
55 0.655144 0.779773 0.625769 0.233703
0 0.910325 0.413461 0.179351 0.512891
60 0.523293 0.806984 0.953413 0.386031
0 0.591178 0.371906 0.470192 0.6045
41 0.709892 0.169898 0.061322 0.041828
41 0.861106 0.123367 0.056346 0.034453
41 0.854519 0.172797 0.057933 0.039062
41 0.934447 0.169328 0.042404 0.036406
41 0.494615 0.236281 0.048221 0.033813
41 0.451791 0.233664 0.056659 0.038766
41 0.443882 0.187086 0.047139 0.040047
41 0.360457 0.233461 0.045096 0.034797
