1 0.096148 0.577531 0.039609 0.035062
0 0.441242 0.610219 0.061578 0.185812
1 0.048727 0.581052 0.039359 0.032438
0 0.158914 0.60201 0.058859 0.136771
0 0.402781 0.554979 0.019156 0.054792
32 0.4245 0.616625 0.002906 0.00575
0 0.34607 0.556073 0.016609 0.049604
0 0.708234 0.550083 0.020063 0.073792
0 0.797523 0.542563 0.019859 0.066458
38 0.471602 0.638062 0.023047 0.066208
0 0.618039 0.555833 0.018891 0.043458
0 0.027633 0.575719 0.035078 0.074604
38 0.097961 0.567479 0.106297 0.074333
38 0.398789 0.564906 0.006766 0.008813
1 0.990477 0.564375 0.016391 0.019917
