44 0.554898 0.468469 0.329391 0.101354
51 0.718219 0.802031 0.035906 0.088563
51 0.630547 0.836625 0.038469 0.112125
51 0.696375 0.809823 0.010656 0.054229
51 0.688344 0.874729 0.087469 0.064042
44 0.891422 0.648594 0.115187 0.254896
44 0.885594 0.490448 0.153031 0.089771
44 0.416 0.134375 0.111625 0.0905
44 0.909359 0.608073 0.112 0.167937
44 0.820719 0.90601 0.189906 0.183646
45 0.531563 0.186646 0.200906 0.13075
45 0.775672 0.610417 0.226375 0.236917
45 0.901391 0.805719 0.197219 0.297354
45 0.499047 0.502073 0.264688 0.179646
45 0.693187 0.847594 0.251938 0.289937
45 0.62275 0.399625 0.207313 0.143833
45 0.652055 0.308385 0.236328 0.134521
45 0.365664 0.186219 0.138109 0.068896
45 0.637227 0.16401 0.145297 0.130979
50 0.325914 0.562802 0.028516 0.065812
50 0.467734 0.85 0.058875 0.060208
50 0.283016 0.592469 0.033656 0.060604
51 0.743414 0.869427 0.041203 0.066021
51 0.659156 0.903385 0.021313 0.066146
60 0.5 0.543688 1 0.912625
42 0.395453 0.918188 0.132469 0.137667
44 0.749438 0.282969 0.068875 0.060438
45 0.255195 0.225646 0.150203 0.081958
45 0.144422 0.291271 0.183094 0.125417
45 0.055742 0.380312 0.111484 0.153167
50 0.211406 0.736573 0.0625 0.053021
51 0.621133 0.892375 0.056922 0.0625
51 0.911609 0.801094 0.019031 0.031313
51 0.607164 0.838719 0.049016 0.056771
51 0.296297 0.792573 0.06525 0.087021
51 0.675023 0.80176 0.034984 0.046646
51 0.694406 0.941417 0.03225 0.022083
44 0.838328 0.280281 0.030687 0.019354
50 0.410172 0.699927 0.038156 0.042771
50 0.465234 0.639437 0.027375 0.069375
50 0.248742 0.561771 0.025672 0.029
45 0.134875 0.489365 0.26975 0.191688
