0 0.585096 0.742031 0.283615 0.43625
0 0.914212 0.391609 0.171577 0.146719
38 0.672365 0.708156 0.202846 0.063781
56 0.16275 0.383633 0.083577 0.034797
56 0.252885 0.382375 0.087654 0.03975
56 0.435712 0.380219 0.091346 0.040656
56 0.525846 0.503047 0.108769 0.044188
56 0.309221 0.427586 0.096404 0.047266
56 0.219269 0.420742 0.097038 0.040328
56 0.120962 0.425578 0.090231 0.037
56 0.071904 0.385688 0.091808 0.035063
56 0.851952 0.511687 0.118288 0.072719
56 0.676125 0.453242 0.099096 0.033766
56 0.632846 0.501867 0.098808 0.042609
56 0.512096 0.417664 0.127808 0.120953
56 0.340683 0.395742 0.093673 0.064891
