2 0.276992 0.873094 0.015484 0.022471
2 0.962328 0.741424 0.015 0.025671
2 0.265844 0.939612 0.024188 0.023788
2 0.348719 0.787271 0.016125 0.022729
4 0.478937 0.538941 0.469187 0.194118
7 0.153891 0.876224 0.034125 0.058471
9 0.397773 0.347282 0.002828 0.004541
2 0.122594 0.962353 0.021 0.022353
2 0.15725 0.933953 0.01975 0.0256
2 0.212547 0.886906 0.012812 0.021624
2 0.197828 0.869247 0.015656 0.022353
2 0.310688 0.877788 0.013312 0.0232
2 0.490477 0.476671 0.007359 0.014471
2 0.087594 0.4588 0.011562 0.014259
2 0.349578 0.836129 0.017688 0.030094
5 0.669656 0.491847 0.036594 0.024306
7 0.523484 0.468882 0.017344 0.032071
2 0.459805 0.434224 0.008859 0.010424
5 0.718031 0.9306 0.020969 0.046706
7 0.155422 0.935353 0.018844 0.024824
