4 0.502547 0.340444 0.994906 0.662913
0 0.401805 0.584236 0.107797 0.384463
0 0.27082 0.604473 0.075578 0.341219
0 0.738406 0.569669 0.062875 0.330331
0 0.593484 0.575 0.073969 0.276488
0 0.527797 0.573667 0.062813 0.27407
0 0.488664 0.57376 0.052266 0.294752
0 0.324 0.578771 0.068906 0.280558
0 0.74418 0.366963 0.067297 0.195165
0 0.470961 0.322727 0.105297 0.15781
0 0.459164 0.583027 0.048047 0.280723
26 0.295695 0.602986 0.027766 0.058326
26 0.311008 0.575919 0.028516 0.054318
27 0.730539 0.47436 0.001922 0.02095
26 0.770984 0.573388 0.031563 0.061901
0 0.704641 0.290393 0.030781 0.054256
0 0.451312 0.530269 0.022906 0.154711
