25 0.186758 0.378372 0.331422 0.310749
25 0.341836 0.377963 0.239891 0.208993
25 0.417359 0.344977 0.200625 0.166534
25 0.491461 0.356194 0.105953 0.0974
25 0.508773 0.292518 0.139297 0.048173
25 0.625211 0.343747 0.077734 0.057892
25 0.692219 0.205328 0.059719 0.210468
25 0.124633 0.531745 0.249266 0.610749
25 0.061469 0.450562 0.122938 0.258407
25 0.300609 0.395515 0.193406 0.242693
25 0.424828 0.384192 0.139469 0.158642
0 0.577516 0.551721 0.096625 0.451124
0 0.809414 0.564438 0.076703 0.432576
0 0.261148 0.716956 0.133266 0.405386
0 0.867797 0.503489 0.072375 0.131335
0 0.866078 0.424204 0.037844 0.099789
0 0.938289 0.512904 0.078422 0.111241
0 0.865492 0.367553 0.021703 0.07993
25 0.574656 0.352775 0.13125 0.093372
26 0.192102 0.948665 0.093391 0.077845
56 0.545742 0.797752 0.455797 0.305621
0 0.377937 0.544368 0.080031 0.054637
0 0.490539 0.465328 0.041297 0.077963
0 0.922148 0.379965 0.009047 0.030328
0 0.380133 0.932213 0.185922 0.135574
0 0.520289 0.446979 0.023672 0.085386
56 0.39143 0.63767 0.132609 0.108689
56 0.13493 0.711862 0.217891 0.256042
56 0.084047 0.96363 0.157688 0.046745
56 0.403836 0.656464 0.113922 0.069883
56 0.049484 0.855738 0.098969 0.197658
56 0.39432 0.596745 0.094234 0.045761
56 0.424039 0.703337 0.119797 0.044895
56 0.379156 0.553513 0.098781 0.058782
0 0.979359 0.411124 0.01175 0.06089
25 0.777305 0.286768 0.104047 0.075831
26 0.192758 0.853525 0.064672 0.027564
26 0.231523 0.838747 0.099578 0.145597
