34 0.845453 0.619358 0.00625 0.124954
35 0.892836 0.870573 0.013922 0.030688
35 0.125352 0.466812 0.010891 0.042248
35 0.440953 0.125642 0.008531 0.021651
0 0.595023 0.178188 0.026953 0.126743
0 0.444703 0.169633 0.042219 0.170459
0 0.344438 0.174839 0.034687 0.142248
0 0.13107 0.473211 0.028953 0.22055
0 0.852109 0.750023 0.045375 0.250413
0 0.907797 0.821261 0.041813 0.17445
0 0.946813 0.81656 0.042469 0.213761
0 0.879648 0.132087 0.021703 0.044358
0 0.859398 0.156514 0.015078 0.12
0 0.939578 0.06094 0.014 0.04656
0 0.428398 0.092202 0.027641 0.125413
0 0.897008 0.188716 0.018547 0.108899
0 0.913047 0.202523 0.0105 0.109725
