39 0.615391 0.411156 0.012531 0.055979
39 0.590367 0.416885 0.010734 0.043604
39 0.58018 0.413521 0.011016 0.057375
39 0.60432 0.416 0.011266 0.0505
39 0.692109 0.61676 0.028625 0.065354
72 0.745406 0.500187 0.151125 0.287583
39 0.731344 0.62699 0.0155 0.076146
39 0.632141 0.354646 0.014688 0.035625
39 0.591961 0.298708 0.016391 0.031583
39 0.639766 0.292698 0.015281 0.032813
39 0.65693 0.290938 0.016641 0.035125
56 0.36675 0.926208 0.2365 0.147583
40 0.250586 0.425167 0.020047 0.058875
40 0.232906 0.435479 0.025156 0.076125
40 0.180586 0.443792 0.022359 0.069583
40 0.106906 0.447781 0.030719 0.078396
40 0.139813 0.448458 0.024125 0.0825
40 0.15907 0.447073 0.018484 0.076938
41 0.25 0.508854 0.041844 0.043333
41 0.197148 0.513687 0.036297 0.040667
41 0.291938 0.50151 0.031469 0.033604
41 0.322883 0.49299 0.031234 0.032313
45 0.834883 0.472427 0.087734 0.021937
68 0.631812 0.505479 0.08325 0.06325
69 0.465656 0.584354 0.073156 0.071292
40 0.127484 0.447563 0.016938 0.082667
40 0.198609 0.437896 0.024781 0.079
40 0.21668 0.438781 0.016797 0.073687
41 0.266141 0.504708 0.033937 0.04425
41 0.813328 0.301812 0.024063 0.044542
41 0.844102 0.305635 0.023734 0.028563
41 0.795687 0.314125 0.009781 0.017083
41 0.279133 0.44301 0.027734 0.039271
41 0.220984 0.507156 0.023938 0.042104
45 0.813344 0.445646 0.045594 0.00975
45 0.833727 0.461135 0.088891 0.008771
45 0.836367 0.454271 0.081297 0.010917
45 0.835375 0.449427 0.086906 0.012646
45 0.577438 0.366531 0.020875 0.018854
60 0.689609 0.972083 0.214281 0.031167
