9 0.157914 0.445062 0.036766 0.068292
9 0.098148 0.439604 0.039203 0.0495
24 0.314625 0.812406 0.07875 0.115604
7 0.549438 0.707177 0.320219 0.256188
7 0.896609 0.700875 0.204312 0.133083
0 0.273953 0.859979 0.11175 0.280042
0 0.392078 0.763167 0.044344 0.166083
0 0.348062 0.755698 0.034813 0.126021
0 0.42543 0.764771 0.025578 0.151833
0 0.475633 0.782583 0.051797 0.160417
0 0.90368 0.726896 0.023047 0.088
0 0.203523 0.716594 0.015828 0.077146
0 0.510633 0.774021 0.031516 0.155833
0 0.137188 0.730198 0.031719 0.100354
0 0.227945 0.718365 0.024297 0.080104
0 0.363711 0.754375 0.023766 0.144875
9 0.364094 0.629573 0.017656 0.023729
9 0.047539 0.638865 0.008891 0.014813
9 0.04975 0.5885 0.009094 0.0245
24 0.334562 0.730542 0.017656 0.040792
26 0.489055 0.764677 0.019547 0.028687
0 0.314289 0.730177 0.032234 0.082854
7 0.906219 0.837302 0.187563 0.325396
7 0.196648 0.689646 0.220672 0.124667
7 0.759375 0.682094 0.038719 0.029062
9 0.152258 0.386031 0.023484 0.030521
26 0.150109 0.730167 0.009187 0.026
0 0.850312 0.726604 0.022 0.082958
9 0.477383 0.558146 0.011078 0.029542
9 0.466867 0.557292 0.009984 0.025417
9 0.090375 0.62775 0.007625 0.008958
26 0.33518 0.741677 0.017516 0.060521
26 0.743234 0.714958 0.009594 0.009583
